iPhone10,3||132,0,132,0
iPhone10,6||132,0,132,0
iPhone11,2||132,0,132,0
iPhone11,4||132,0,132,0
iPhone11,6||132,0,132,0
iPhone11,8||88,0,88,0
iPhone12,1||88,0,88,0
iPhone12,3||132,0,132,0
iPhone12,5||132,0,132,0
iPad8,1||40,0,40,0
iPad8,2||40,0,40,0
iPad8,3||40,0,40,0
iPad8,4||40,0,40,0
iPad8,5||40,0,40,0
iPad8,6||40,0,40,0
iPad8,7||40,0,40,0
iPad8,8||40,0,40,0
iPad8,9||40,0,40,0
iPad8,10||40,0,40,0
iPad8,11||40,0,40,0
iPad8,12||40,0,40,0
iPad11,1||40,0,40,0
iPad11,2||40,0,40,0
iPad11,3||40,0,40,0
iPad11,4||40,0,40,0